"Conservation Feature","Feature Name","Target","Amount Held","Occurrence Target ","Occurrences Held","Separation Target ","Separation Achieved","Target Met","MPM"
21,,81.750000,82.000000,0,82,0,0,yes,1.000000
20,,47707603.081323,68231255.050647,0,14,0,0,yes,1.000000
19,,205595432.137848,220895502.253468,0,12,0,0,yes,1.000000
18,,6912402.709697,17316990.029417,0,3,0,0,yes,1.000000
17,,454391920.707954,464081878.306435,0,19,0,0,yes,1.000000
16,,296351780.189224,460838302.850179,0,14,0,0,yes,1.000000
15,,26205526.782636,37422248.076187,0,5,0,0,yes,1.000000
14,,12003992.311404,18434889.775607,0,4,0,0,yes,1.000000
13,,17863544.902068,20753509.209942,0,4,0,0,yes,1.000000
12,,705066430.688418,718727130.935355,0,9,0,0,yes,1.000000
11,,1003817025.933365,1242515040.390635,0,20,0,0,yes,1.000000
10,,1102896837.645510,1992570961.799383,0,21,0,0,yes,1.000000
9,,12125270.957123,25032164.160447,0,7,0,0,yes,1.000000
8,,2340142025.314821,2452236559.078318,0,26,0,0,yes,1.000000
7,,752792545.536678,779636543.112338,0,6,0,0,yes,1.000000
6,,566484374.762822,706078359.705926,0,9,0,0,yes,1.000000
5,,1003389069.255157,1302522319.317827,0,11,0,0,yes,1.000000
4,,290422897.200464,432438560.687750,0,11,0,0,yes,1.000000
3,,1493331560.256336,1500145641.063592,0,20,0,0,yes,1.000000
2,,426394164.332597,638161111.498060,0,8,0,0,yes,1.000000
1,,222112856.130479,258725806.922415,0,6,0,0,yes,1.000000
