"Conservation Feature","Feature Name","Target","Amount Held","Occurrence Target ","Occurrences Held","Separation Target ","Separation Achieved","Target Met","MPM"
21,,81.750000,82.000000,0,82,0,0,yes,1.000000
20,,47707603.081323,102381594.060696,0,11,0,0,yes,1.000000
19,,205595432.137848,294068824.764491,0,16,0,0,yes,1.000000
18,,6912402.709697,27486471.071823,0,2,0,0,yes,1.000000
17,,454391920.707954,1033250529.962527,0,33,0,0,yes,1.000000
16,,296351780.189224,514045593.830991,0,17,0,0,yes,1.000000
15,,26205526.782636,33872307.348344,0,5,0,0,yes,1.000000
14,,12003992.311404,12067507.527683,0,5,0,0,yes,1.000000
13,,17863544.902068,18776222.872958,0,4,0,0,yes,1.000000
12,,705066430.688418,717416987.182743,0,13,0,0,yes,1.000000
11,,1003817025.933365,1248511363.644896,0,22,0,0,yes,1.000000
10,,1102896837.645510,1174156627.603503,0,11,0,0,yes,1.000000
9,,12125270.957123,23723025.523542,0,6,0,0,yes,1.000000
8,,2340142025.314821,4003070785.541543,0,37,0,0,yes,1.000000
7,,752792545.536678,756867603.040790,0,8,0,0,yes,1.000000
6,,566484374.762822,1179848420.631021,0,14,0,0,yes,1.000000
5,,1003389069.255157,1027862712.891827,0,11,0,0,yes,1.000000
4,,290422897.200464,467766253.786585,0,10,0,0,yes,1.000000
3,,1493331560.256336,1509527236.843755,0,22,0,0,yes,1.000000
2,,426394164.332597,514336668.370077,0,6,0,0,yes,1.000000
1,,222112856.130479,229765473.336925,0,5,0,0,yes,1.000000
