"Conservation Feature","Feature Name","Target","Amount Held","Occurrence Target ","Occurrences Held","Separation Target ","Separation Achieved","Target Met","MPM"
21,,81.750000,82.000000,0,82,0,0,yes,1.000000
20,,47707603.081323,75629604.841484,0,10,0,0,yes,1.000000
19,,205595432.137848,358770268.157456,0,18,0,0,yes,1.000000
18,,6912402.709697,29618281.694326,0,4,0,0,yes,1.000000
17,,454391920.707954,590284287.742618,0,21,0,0,yes,1.000000
16,,296351780.189224,546103073.972746,0,16,0,0,yes,1.000000
15,,26205526.782636,26776874.509502,0,5,0,0,yes,1.000000
14,,12003992.311404,18446871.659355,0,5,0,0,yes,1.000000
13,,17863544.902068,20402655.561631,0,5,0,0,yes,1.000000
12,,705066430.688418,708936491.889143,0,11,0,0,yes,1.000000
11,,1003817025.933365,1157256996.222073,0,16,0,0,yes,1.000000
10,,1102896837.645510,1502208191.837133,0,14,0,0,yes,1.000000
9,,12125270.957123,31723901.347068,0,7,0,0,yes,1.000000
8,,2340142025.314821,2577240901.363472,0,27,0,0,yes,1.000000
7,,752792545.536678,791851141.051001,0,8,0,0,yes,1.000000
6,,566484374.762822,649575064.361239,0,10,0,0,yes,1.000000
5,,1003389069.255157,1145215736.687018,0,11,0,0,yes,1.000000
4,,290422897.200464,378456196.121777,0,7,0,0,yes,1.000000
3,,1493331560.256336,1505762818.126515,0,19,0,0,yes,1.000000
2,,426394164.332597,686431974.640278,0,9,0,0,yes,1.000000
1,,222112856.130479,243662475.434165,0,6,0,0,yes,1.000000
