"Conservation Feature","Feature Name","Target","Amount Held","Occurrence Target ","Occurrences Held","Separation Target ","Separation Achieved","Target Met","MPM"
21,,81.750000,82.000000,0,82,0,0,yes,1.000000
20,,47707603.081323,66718809.734316,0,9,0,0,yes,1.000000
19,,205595432.137848,336330700.846280,0,14,0,0,yes,1.000000
18,,6912402.709697,16769394.620022,0,2,0,0,yes,1.000000
17,,454391920.707954,765822183.423499,0,24,0,0,yes,1.000000
16,,296351780.189224,648266295.448787,0,15,0,0,yes,1.000000
15,,26205526.782636,39456402.260247,0,6,0,0,yes,1.000000
14,,12003992.311404,28392401.798330,0,5,0,0,yes,1.000000
13,,17863544.902068,18132101.261581,0,4,0,0,yes,1.000000
12,,705066430.688418,720120841.422543,0,10,0,0,yes,1.000000
11,,1003817025.933365,1085976605.529577,0,14,0,0,yes,1.000000
10,,1102896837.645510,1513068268.752506,0,13,0,0,yes,1.000000
9,,12125270.957123,36486708.051501,0,8,0,0,yes,1.000000
8,,2340142025.314821,3226264489.106593,0,29,0,0,yes,1.000000
7,,752792545.536678,760239899.047660,0,6,0,0,yes,1.000000
6,,566484374.762822,972238633.552709,0,11,0,0,yes,1.000000
5,,1003389069.255157,1046476647.966997,0,13,0,0,yes,1.000000
4,,290422897.200464,474941435.636611,0,7,0,0,yes,1.000000
3,,1493331560.256336,1573581630.250957,0,21,0,0,yes,1.000000
2,,426394164.332597,903766193.140706,0,10,0,0,yes,1.000000
1,,222112856.130479,224487189.672842,0,6,0,0,yes,1.000000
