"Conservation Feature","Feature Name","Target","Amount Held","Occurrence Target ","Occurrences Held","Separation Target ","Separation Achieved","Target Met","MPM"
21,,81.750000,82.000000,0,82,0,0,yes,1.000000
20,,47707603.081323,64520460.247808,0,14,0,0,yes,1.000000
19,,205595432.137848,314735907.273554,0,17,0,0,yes,1.000000
18,,6912402.709697,28567421.355803,0,3,0,0,yes,1.000000
17,,454391920.707954,825347279.313004,0,30,0,0,yes,1.000000
16,,296351780.189224,536797414.039853,0,12,0,0,yes,1.000000
15,,26205526.782636,26350746.799212,0,6,0,0,yes,1.000000
14,,12003992.311404,13075364.751906,0,5,0,0,yes,1.000000
13,,17863544.902068,31790717.499004,0,4,0,0,yes,1.000000
12,,705066430.688418,712296951.428182,0,13,0,0,yes,1.000000
11,,1003817025.933365,1496780006.193954,0,21,0,0,yes,1.000000
10,,1102896837.645510,1222060175.279579,0,11,0,0,yes,1.000000
9,,12125270.957123,17204971.283829,0,3,0,0,yes,1.000000
8,,2340142025.314821,3771799936.550438,0,36,0,0,yes,1.000000
7,,752792545.536678,834983276.962871,0,9,0,0,yes,1.000000
6,,566484374.762822,736298956.156850,0,7,0,0,yes,1.000000
5,,1003389069.255157,1235312542.389872,0,13,0,0,yes,1.000000
4,,290422897.200464,303644291.474873,0,6,0,0,yes,1.000000
3,,1493331560.256336,1608364181.728786,0,22,0,0,yes,1.000000
2,,426394164.332597,476563523.552687,0,6,0,0,yes,1.000000
1,,222112856.130479,228789111.075345,0,5,0,0,yes,1.000000
