"Conservation Feature","Feature Name","Target","Amount Held","Occurrence Target ","Occurrences Held","Separation Target ","Separation Achieved","Target Met","MPM"
21,,81.750000,82.000000,0,82,0,0,yes,1.000000
20,,47707603.081323,113417278.484898,0,16,0,0,yes,1.000000
19,,205595432.137848,296698351.357601,0,15,0,0,yes,1.000000
18,,6912402.709697,15185179.406914,0,1,0,0,yes,1.000000
17,,454391920.707954,989654755.723709,0,31,0,0,yes,1.000000
16,,296351780.189224,346619135.114683,0,12,0,0,yes,1.000000
15,,26205526.782636,36443709.771787,0,4,0,0,yes,1.000000
14,,12003992.311404,13706888.332445,0,5,0,0,yes,1.000000
13,,17863544.902068,19817075.340381,0,4,0,0,yes,1.000000
12,,705066430.688418,709803003.893660,0,9,0,0,yes,1.000000
11,,1003817025.933365,1422012934.079315,0,22,0,0,yes,1.000000
10,,1102896837.645510,1225689506.865417,0,12,0,0,yes,1.000000
9,,12125270.957123,26862402.116919,0,6,0,0,yes,1.000000
8,,2340142025.314821,3956467969.044653,0,38,0,0,yes,1.000000
7,,752792545.536678,783696783.245064,0,7,0,0,yes,1.000000
6,,566484374.762822,661547813.743840,0,9,0,0,yes,1.000000
5,,1003389069.255157,1267633667.936329,0,13,0,0,yes,1.000000
4,,290422897.200464,395458178.061740,0,8,0,0,yes,1.000000
3,,1493331560.256336,1513571337.010824,0,16,0,0,yes,1.000000
2,,426394164.332597,508243204.077891,0,7,0,0,yes,1.000000
1,,222112856.130479,258765044.001933,0,7,0,0,yes,1.000000
