"Conservation Feature","Feature Name","Target","Amount Held","Occurrence Target ","Occurrences Held","Separation Target ","Separation Achieved","Target Met","MPM"
21,,81.750000,82.000000,0,82,0,0,yes,1.000000
20,,47707603.081323,66001357.488475,0,11,0,0,yes,1.000000
19,,205595432.137848,261894149.102943,0,14,0,0,yes,1.000000
18,,6912402.709697,33179320.202843,0,5,0,0,yes,1.000000
17,,454391920.707954,613097832.908787,0,23,0,0,yes,1.000000
16,,296351780.189224,680608038.394705,0,16,0,0,yes,1.000000
15,,26205526.782636,35359195.444870,0,4,0,0,yes,1.000000
14,,12003992.311404,19151141.993841,0,5,0,0,yes,1.000000
13,,17863544.902068,22842832.757445,0,4,0,0,yes,1.000000
12,,705066430.688418,708544280.702662,0,10,0,0,yes,1.000000
11,,1003817025.933365,1317086918.155304,0,17,0,0,yes,1.000000
10,,1102896837.645510,1144216810.305781,0,14,0,0,yes,1.000000
9,,12125270.957123,32038192.821218,0,7,0,0,yes,1.000000
8,,2340142025.314821,2889577833.420974,0,26,0,0,yes,1.000000
7,,752792545.536678,794382807.042946,0,10,0,0,yes,1.000000
6,,566484374.762822,706078359.705926,0,9,0,0,yes,1.000000
5,,1003389069.255157,1179598696.296602,0,14,0,0,yes,1.000000
4,,290422897.200464,346365801.544398,0,10,0,0,yes,1.000000
3,,1493331560.256336,1505510195.250472,0,18,0,0,yes,1.000000
2,,426394164.332597,687538719.900364,0,8,0,0,yes,1.000000
1,,222112856.130479,229765473.336925,0,5,0,0,yes,1.000000
