"Conservation Feature","Feature Name","Target","Amount Held","Occurrence Target ","Occurrences Held","Separation Target ","Separation Achieved","Target Met","MPM"
21,,81.750000,82.000000,0,82,0,0,yes,1.000000
20,,47707603.081323,100298398.243986,0,12,0,0,yes,1.000000
19,,205595432.137848,283015070.513553,0,13,0,0,yes,1.000000
18,,6912402.709697,16769394.620022,0,2,0,0,yes,1.000000
17,,454391920.707954,461780208.905697,0,23,0,0,yes,1.000000
16,,296351780.189224,494736706.429120,0,15,0,0,yes,1.000000
15,,26205526.782636,32479217.581408,0,3,0,0,yes,1.000000
14,,12003992.311404,31737824.957334,0,7,0,0,yes,1.000000
13,,17863544.902068,26121249.985214,0,4,0,0,yes,1.000000
12,,705066430.688418,711806130.291658,0,12,0,0,yes,1.000000
11,,1003817025.933365,1136832715.048675,0,16,0,0,yes,1.000000
10,,1102896837.645510,1147057634.493737,0,9,0,0,yes,1.000000
9,,12125270.957123,24717824.976061,0,6,0,0,yes,1.000000
8,,2340142025.314821,4039999927.393121,0,36,0,0,yes,1.000000
7,,752792545.536678,809220813.413731,0,8,0,0,yes,1.000000
6,,566484374.762822,615267302.098744,0,9,0,0,yes,1.000000
5,,1003389069.255157,1058013877.618169,0,9,0,0,yes,1.000000
4,,290422897.200464,574932152.594795,0,11,0,0,yes,1.000000
3,,1493331560.256336,1521805121.264759,0,22,0,0,yes,1.000000
2,,426394164.332597,511217380.509556,0,6,0,0,yes,1.000000
1,,222112856.130479,230267338.787489,0,4,0,0,yes,1.000000
